%YAML:1.0
---
K: !!opencv-matrix
   rows: 3
   cols: 3
   dt: d
   data: [ 384.49276807504123, 0., 296.80165491312738, 0.,
       384.01198638092029, 156.74087234501758, 0., 0., 1. ]
D: !!opencv-matrix
   rows: 1
   cols: 5
   dt: d
   data: [ -0.26622588282003229, 0.060236350761579016,
       0.0052892381760315035, 0.0035255247967384963,
       0.056888891820909768 ]
